pointwise
104
1 1010 13
2 1020 5
3 1030 42
4 1040 9
5 1050 126
6 1060 11
7 1070 24
8 1080 41
9 1090 48
10 1100 93
11 1110 7
12 1120 50
13 1130 70
14 1140 26
15 1150 157
16 1160 14
17 1170 36
18 1180 68
19 1190 31
20 1200 98
21 1210 18
22 1220 18
23 1230 72
24 1240 8
25 1250 128
26 1260 22
27 1270 46
28 1280 44
29 1290 61
30 1300 145
31 1310 33
32 1320 62
33 1330 72
34 1340 26
35 1350 189
36 1360 46
37 1370 31
38 1380 72
39 1390 23
40 1400 93
41 1410 38
42 1420 29
43 1430 37
44 1440 28
45 1450 105
46 1460 8
47 1470 13
48 1480 36
49 1490 28
50 1500 65
51 1510 15
52 1520 32
53 1530 55
54 1540 85
55 1550 126
56 1560 66
57 1570 38
58 1580 90
59 1590 53
60 1600 503
61 1610 238
62 1620 893
63 1630 837
64 1640 1241
65 1650 760
66 1660 424
67 1670 1494
68 1680 1522
69 1690 2314
70 1700 2934
71 1710 4748
72 1720 5555
73 1730 4977
74 1740 10590
75 1750 7652
76 1760 5111
77 1770 8431
78 1780 8466
79 1790 9392
80 1800 5166
81 1810 2044
82 1820 2672
83 1825 6286
84 1830 10188
85 1835 7339
86 1840 12143
87 1845 8756
88 1850 4871
89 1855 3278
90 1860 2527
91 1870 2771
92 1880 9627
93 1890 8382
94 1900 8152
95 1910 4691
96 1920 5218
97 1930 7637
98 1940 13
99 1950 63
100 1960 50
101 1970 21
102 1980 38
103 1990 24
104 2000 9
